0.0,1.0
0.0,1.0
0.0,1.0
5.0,2.0
90.0,2.0
95.0,3.0
100.0,3.0
105.0,2.0
110.0,2.0
115.0,3.0
120.0,3.0
125.0,2.0
220.0,2.0
225.0,3.0
230.0,3.0
235.0,2.0
270.0,2.0
275.0,1.0
280.0,1.0
285.0,2.0
290.0,2.0
295.0,4.0
300.0,4.0
305.0,2.0
330.0,2.0
335.0,1.0
340.0,1.0
345.0,4.0
370.0,4.0
375.0,2.0
500.0,2.0
505.0,4.0
510.0,4.0
515.0,2.0
520.0,2.0
525.0,4.0
530.0,4.0
535.0,2.0
570.0,2.0
575.0,3.0
580.0,3.0
585.0,4.0
600.0,4.0
605.0,2.0
630.0,2.0
635.0,4.0
700.0,4.0
705.0,2.0
710.0,2.0
715.0,1.0
720.0,1.0
725.0,4.0
730.0,4.0
735.0,2.0
760.0,2.0
765.0,4.0
780.0,4.0
785.0,2.0
790.0,2.0
795.0,4.0
800.0,4.0
805.0,2.0
880.0,2.0
885.0,1.0
890.0,1.0
895.0,2.0
920.0,2.0
925.0,3.0
930.0,3.0
935.0,2.0
950.0,2.0
955.0,4.0
960.0,4.0
965.0,2.0
1030.0,2.0
1035.0,4.0
1040.0,4.0
1045.0,1.0
1050.0,1.0
1055.0,2.0
1090.0,2.0
1095.0,3.0
1100.0,3.0
1105.0,2.0
1120.0,2.0
1125.0,4.0
1130.0,4.0
1135.0,2.0
1140.0,2.0
1145.0,4.0
1150.0,4.0
1155.0,2.0
1170.0,2.0
1175.0,1.0
1180.0,1.0
1185.0,3.0
1190.0,3.0
1195.0,2.0
1210.0,2.0
1215.0,4.0
1220.0,4.0
1225.0,2.0
1240.0,2.0
1245.0,4.0
1280.0,4.0
1285.0,3.0
1290.0,3.0
1295.0,4.0
1300.0,4.0
1305.0,3.0
1310.0,3.0
1315.0,1.0
1320.0,1.0
1325.0,4.0
1350.0,4.0
1355.0,1.0
1360.0,1.0
1365.0,4.0
1430.0,4.0
1435.0,2.0
1440.0,2.0
1445.0,4.0
1460.0,4.0
1465.0,2.0
1480.0,2.0
1485.0,4.0
1490.0,4.0
1495.0,2.0
1500.0,2.0
1505.0,4.0
1520.0,4.0
1525.0,2.0
1540.0,2.0
1545.0,4.0
1550.0,4.0
1555.0,3.0
1560.0,3.0
1565.0,4.0
1640.0,4.0
1645.0,1.0
1650.0,1.0
1655.0,4.0
1730.0,4.0
1735.0,3.0
1740.0,3.0
1745.0,4.0
1750.0,4.0
1755.0,2.0
1760.0,2.0
1765.0,4.0
1770.0,4.0
1775.0,2.0
1780.0,2.0
1785.0,4.0
1790.0,4.0
1795.0,3.0
1800.0,3.0
1805.0,2.0
1840.0,2.0
1845.0,3.0
1850.0,3.0
1855.0,4.0
1870.0,4.0
1875.0,2.0
1880.0,2.0
1885.0,1.0
1900.0,1.0
1905.0,4.0
1960.0,4.0
1965.0,1.0
1970.0,1.0
1975.0,4.0
1990.0,4.0
1995.0,3.0
2000.0,3.0
2005.0,4.0
2010.0,4.0
2015.0,2.0
2020.0,2.0
2025.0,4.0
2030.0,4.0
2035.0,2.0
2040.0,2.0
2045.0,4.0
2050.0,4.0
2055.0,2.0
2060.0,2.0
2065.0,4.0
2080.0,4.0
2085.0,2.0
2090.0,2.0
2095.0,4.0
2100.0,4.0
2105.0,2.0
2120.0,2.0
2125.0,4.0
2130.0,4.0
2135.0,2.0
2180.0,2.0
2185.0,4.0
2200.0,4.0
2205.0,3.0
2210.0,3.0
2215.0,2.0
2220.0,2.0
2225.0,3.0
2230.0,3.0
2235.0,2.0
2300.0,2.0
2305.0,4.0
2320.0,4.0
2325.0,2.0
2330.0,2.0
2335.0,1.0
2340.0,1.0
2345.0,3.0
2350.0,3.0
2355.0,2.0
2360.0,2.0
2365.0,4.0
2390.0,4.0
2395.0,2.0
2400.0,2.0
2405.0,4.0
2410.0,4.0
2415.0,2.0
2420.0,2.0
2425.0,4.0
2430.0,4.0
2435.0,2.0
2440.0,2.0
2445.0,4.0
2450.0,4.0
2455.0,3.0
2470.0,3.0
2475.0,4.0
2520.0,4.0
2525.0,3.0
2530.0,3.0
2535.0,4.0
2560.0,4.0
2565.0,1.0
2570.0,1.0
2575.0,4.0
2600.0,4.0
2605.0,1.0
2610.0,1.0
2615.0,4.0
2650.0,4.0
2655.0,2.0
2660.0,2.0
2665.0,4.0
2670.0,4.0
2675.0,2.0
2680.0,2.0
2685.0,4.0
2710.0,4.0
2715.0,1.0
2720.0,1.0
2725.0,4.0
2760.0,4.0
2765.0,1.0
2770.0,1.0
2775.0,4.0
2920.0,4.0
2925.0,2.0
2930.0,2.0
2935.0,4.0
2940.0,4.0
2945.0,2.0
2950.0,2.0
2955.0,4.0
2980.0,4.0
2985.0,2.0
2990.0,2.0
2995.0,4.0
3010.0,4.0
3015.0,2.0
3020.0,2.0
3025.0,4.0
3030.0,4.0
3035.0,2.0
3040.0,2.0
3045.0,4.0
3060.0,4.0
3065.0,1.0
3070.0,1.0
3075.0,4.0
3100.0,4.0
3105.0,2.0
3110.0,2.0
3115.0,4.0
3150.0,4.0
3155.0,3.0
3160.0,3.0
3165.0,4.0
3170.0,4.0
3175.0,1.0
3180.0,1.0
3185.0,4.0
3190.0,4.0
3195.0,1.0
3200.0,1.0
3205.0,4.0
3290.0,4.0
3295.0,2.0
3300.0,2.0
3305.0,3.0
3310.0,3.0
3315.0,4.0
3320.0,4.0
3325.0,2.0
3360.0,2.0
3365.0,4.0
3380.0,4.0
3385.0,2.0
3390.0,2.0
3395.0,4.0
3400.0,4.0
3405.0,2.0
3420.0,2.0
3425.0,4.0
3440.0,4.0
3445.0,2.0
3450.0,2.0
3455.0,4.0
3460.0,4.0
3465.0,2.0
3470.0,2.0
3475.0,4.0
3480.0,4.0
3485.0,3.0
3490.0,3.0
3495.0,2.0
3500.0,2.0
3505.0,4.0
3590.0,4.0
3595.0,2.0
