0.0,1.0
0.0,1.0
110.0,1.0
115.0,3.0
130.0,3.0
135.0,1.0
170.0,1.0
175.0,3.0
200.0,3.0
205.0,1.0
280.0,1.0
285.0,4.0
290.0,4.0
295.0,1.0
320.0,1.0
325.0,2.0
330.0,2.0
335.0,1.0
360.0,1.0
365.0,4.0
370.0,4.0
375.0,1.0
470.0,1.0
475.0,2.0
480.0,2.0
485.0,1.0
500.0,1.0
505.0,4.0
510.0,4.0
515.0,2.0
520.0,2.0
525.0,1.0
540.0,1.0
545.0,3.0
550.0,3.0
555.0,1.0
570.0,1.0
575.0,4.0
590.0,4.0
595.0,1.0
630.0,1.0
635.0,3.0
640.0,3.0
645.0,1.0
660.0,1.0
665.0,2.0
670.0,2.0
675.0,3.0
680.0,3.0
685.0,1.0
710.0,1.0
715.0,3.0
730.0,3.0
735.0,1.0
780.0,1.0
785.0,2.0
790.0,2.0
795.0,1.0
800.0,1.0
805.0,4.0
810.0,4.0
815.0,1.0
840.0,1.0
845.0,3.0
850.0,3.0
855.0,1.0
870.0,1.0
875.0,2.0
880.0,2.0
885.0,1.0
910.0,1.0
915.0,4.0
920.0,4.0
925.0,1.0
930.0,1.0
935.0,2.0
940.0,2.0
945.0,1.0
1020.0,1.0
1025.0,3.0
1060.0,3.0
1065.0,4.0
1070.0,4.0
1075.0,2.0
1100.0,2.0
1105.0,1.0
1110.0,1.0
1115.0,3.0
1120.0,3.0
1125.0,1.0
1160.0,1.0
1165.0,3.0
1170.0,3.0
1175.0,4.0
1180.0,4.0
1185.0,3.0
1190.0,3.0
1195.0,1.0
1200.0,1.0
1205.0,4.0
1230.0,4.0
1235.0,1.0
1240.0,1.0
1245.0,3.0
1250.0,3.0
1255.0,2.0
1260.0,2.0
1265.0,4.0
1270.0,4.0
1275.0,1.0
1280.0,1.0
1285.0,4.0
1370.0,4.0
1375.0,3.0
1390.0,3.0
1395.0,1.0
1400.0,1.0
1405.0,4.0
1430.0,4.0
1435.0,2.0
1440.0,2.0
1445.0,4.0
1470.0,4.0
1475.0,1.0
1480.0,1.0
1485.0,4.0
1500.0,4.0
1505.0,1.0
1510.0,1.0
1515.0,3.0
1520.0,3.0
1525.0,1.0
1530.0,1.0
1535.0,4.0
1550.0,4.0
1555.0,3.0
1570.0,3.0
1575.0,1.0
1580.0,1.0
1585.0,4.0
1590.0,4.0
1595.0,1.0
1600.0,1.0
1605.0,4.0
1620.0,4.0
1625.0,2.0
1630.0,2.0
1635.0,1.0
1640.0,1.0
1645.0,4.0
1650.0,4.0
1655.0,1.0
1660.0,1.0
1665.0,4.0
1700.0,4.0
1705.0,3.0
1710.0,3.0
1715.0,4.0
1730.0,4.0
1735.0,3.0
1740.0,3.0
1745.0,2.0
1750.0,2.0
1755.0,1.0
1760.0,1.0
1765.0,4.0
1780.0,4.0
1785.0,2.0
1790.0,2.0
1795.0,1.0
1830.0,1.0
1835.0,4.0
1840.0,4.0
1845.0,1.0
1870.0,1.0
1875.0,4.0
1880.0,4.0
1885.0,1.0
1890.0,1.0
1895.0,2.0
1900.0,2.0
1905.0,1.0
1910.0,1.0
1915.0,3.0
1920.0,3.0
1925.0,1.0
1930.0,1.0
1935.0,4.0
1950.0,4.0
1955.0,1.0
1970.0,1.0
1975.0,4.0
1980.0,4.0
1985.0,1.0
2000.0,1.0
2005.0,3.0
2010.0,3.0
2015.0,1.0
2020.0,1.0
2025.0,4.0
2040.0,4.0
2045.0,1.0
2050.0,1.0
2055.0,3.0
2060.0,3.0
2065.0,4.0
2080.0,4.0
2085.0,3.0
2090.0,3.0
2095.0,4.0
2130.0,4.0
2135.0,3.0
2140.0,3.0
2145.0,4.0
2160.0,4.0
2165.0,3.0
2170.0,3.0
2175.0,4.0
2220.0,4.0
2225.0,3.0
2230.0,3.0
2235.0,4.0
2260.0,4.0
2265.0,2.0
2270.0,2.0
2275.0,4.0
2280.0,4.0
2285.0,1.0
2290.0,1.0
2295.0,4.0
2350.0,4.0
2355.0,3.0
2360.0,3.0
2365.0,1.0
2370.0,1.0
2375.0,4.0
2390.0,4.0
2395.0,1.0
2400.0,1.0
2405.0,3.0
2410.0,3.0
2415.0,1.0
2420.0,1.0
2425.0,4.0
2490.0,4.0
2495.0,1.0
2500.0,1.0
2505.0,2.0
2510.0,2.0
2515.0,4.0
2530.0,4.0
2535.0,1.0
2540.0,1.0
2545.0,4.0
2560.0,4.0
2565.0,3.0
2570.0,3.0
2575.0,4.0
2630.0,4.0
2635.0,3.0
2640.0,3.0
2645.0,4.0
2680.0,4.0
2685.0,1.0
2690.0,1.0
2695.0,4.0
2800.0,4.0
2805.0,2.0
2810.0,2.0
2815.0,4.0
2850.0,4.0
2855.0,3.0
2860.0,3.0
2865.0,4.0
3040.0,4.0
3045.0,1.0
3050.0,1.0
3055.0,4.0
3110.0,4.0
3115.0,3.0
3130.0,3.0
3135.0,4.0
3160.0,4.0
3165.0,3.0
3170.0,3.0
3175.0,1.0
3190.0,1.0
3195.0,4.0
3240.0,4.0
3245.0,2.0
3250.0,2.0
3255.0,4.0
3310.0,4.0
3315.0,1.0
3320.0,1.0
3325.0,4.0
3340.0,4.0
3345.0,3.0
3350.0,3.0
3355.0,4.0
3360.0,4.0
3365.0,1.0
3370.0,1.0
3375.0,4.0
3390.0,4.0
3395.0,2.0
3400.0,2.0
3405.0,4.0
3410.0,4.0
3415.0,2.0
3420.0,2.0
3425.0,4.0
3440.0,4.0
3445.0,2.0
3450.0,2.0
3455.0,1.0
3460.0,1.0
3465.0,2.0
3490.0,2.0
3495.0,1.0
3580.0,1.0
3585.0,4.0
