0.0,1.0
0.0,1.0
0.0,1.0
5.0,4.0
10.0,4.0
15.0,1.0
70.0,1.0
75.0,3.0
80.0,3.0
85.0,1.0
100.0,1.0
105.0,4.0
110.0,4.0
115.0,3.0
120.0,3.0
125.0,4.0
140.0,4.0
145.0,1.0
240.0,1.0
245.0,4.0
250.0,4.0
255.0,1.0
270.0,1.0
275.0,2.0
280.0,2.0
285.0,4.0
290.0,4.0
295.0,1.0
300.0,1.0
305.0,2.0
310.0,2.0
315.0,3.0
320.0,3.0
325.0,1.0
340.0,1.0
345.0,3.0
350.0,3.0
355.0,1.0
380.0,1.0
385.0,3.0
390.0,3.0
395.0,1.0
400.0,1.0
405.0,4.0
410.0,4.0
415.0,1.0
480.0,1.0
485.0,2.0
490.0,2.0
495.0,1.0
520.0,1.0
525.0,2.0
530.0,2.0
535.0,1.0
540.0,1.0
545.0,2.0
550.0,2.0
555.0,1.0
560.0,1.0
565.0,2.0
570.0,2.0
575.0,1.0
580.0,1.0
585.0,3.0
590.0,3.0
595.0,1.0
670.0,1.0
675.0,3.0
680.0,3.0
685.0,1.0
700.0,1.0
705.0,2.0
710.0,2.0
715.0,1.0
720.0,1.0
725.0,4.0
730.0,4.0
735.0,2.0
740.0,2.0
745.0,1.0
760.0,1.0
765.0,4.0
770.0,4.0
775.0,1.0
810.0,1.0
815.0,3.0
820.0,3.0
825.0,1.0
840.0,1.0
845.0,3.0
850.0,3.0
855.0,4.0
870.0,4.0
875.0,1.0
880.0,1.0
885.0,4.0
900.0,4.0
905.0,1.0
910.0,1.0
915.0,4.0
920.0,4.0
925.0,1.0
930.0,1.0
935.0,4.0
940.0,4.0
945.0,1.0
960.0,1.0
965.0,2.0
970.0,2.0
975.0,1.0
990.0,1.0
995.0,4.0
1010.0,4.0
1015.0,1.0
1020.0,1.0
1025.0,4.0
1030.0,4.0
1035.0,1.0
1040.0,1.0
1045.0,4.0
1050.0,4.0
1055.0,2.0
1060.0,2.0
1065.0,1.0
1080.0,1.0
1085.0,4.0
1090.0,4.0
1095.0,3.0
1100.0,3.0
1105.0,1.0
1120.0,1.0
1125.0,4.0
1130.0,4.0
1135.0,2.0
1140.0,2.0
1145.0,3.0
1150.0,3.0
1155.0,1.0
1180.0,1.0
1185.0,4.0
1190.0,4.0
1195.0,1.0
1210.0,1.0
1215.0,2.0
1220.0,2.0
1225.0,4.0
1230.0,4.0
1235.0,3.0
1240.0,3.0
1245.0,1.0
1260.0,1.0
1265.0,3.0
1280.0,3.0
1285.0,1.0
1310.0,1.0
1315.0,2.0
1330.0,2.0
1335.0,3.0
1350.0,3.0
1355.0,1.0
1380.0,1.0
1385.0,4.0
1390.0,4.0
1395.0,1.0
1410.0,1.0
1415.0,4.0
1420.0,4.0
1425.0,1.0
1430.0,1.0
1435.0,2.0
1440.0,2.0
1445.0,1.0
1450.0,1.0
1455.0,2.0
1470.0,2.0
1475.0,4.0
1480.0,4.0
1485.0,1.0
1500.0,1.0
1505.0,4.0
1510.0,4.0
1515.0,1.0
1530.0,1.0
1535.0,4.0
1540.0,4.0
1545.0,3.0
1560.0,3.0
1565.0,4.0
1570.0,4.0
1575.0,2.0
1580.0,2.0
1585.0,4.0
1590.0,4.0
1595.0,3.0
1600.0,3.0
1605.0,4.0
1610.0,4.0
1615.0,2.0
1620.0,2.0
1625.0,4.0
1660.0,4.0
1665.0,1.0
1670.0,1.0
1675.0,4.0
1690.0,4.0
1695.0,1.0
1710.0,1.0
1715.0,4.0
1720.0,4.0
1725.0,2.0
1730.0,2.0
1735.0,1.0
1750.0,1.0
1755.0,4.0
1760.0,4.0
1765.0,3.0
1770.0,3.0
1775.0,1.0
1780.0,1.0
1785.0,2.0
1800.0,2.0
1805.0,1.0
1810.0,1.0
1815.0,4.0
1820.0,4.0
1825.0,1.0
1830.0,1.0
1835.0,4.0
1840.0,4.0
1845.0,1.0
1850.0,1.0
1855.0,4.0
1860.0,4.0
1865.0,1.0
1870.0,1.0
1875.0,4.0
1890.0,4.0
1895.0,2.0
1900.0,2.0
1905.0,4.0
1950.0,4.0
1955.0,3.0
1960.0,3.0
1965.0,1.0
1970.0,1.0
1975.0,4.0
1980.0,4.0
1985.0,1.0
1990.0,1.0
1995.0,4.0
2000.0,4.0
2005.0,3.0
2010.0,3.0
2015.0,4.0
2020.0,4.0
2025.0,1.0
2030.0,1.0
2035.0,2.0
2040.0,2.0
2045.0,3.0
2050.0,3.0
2055.0,4.0
2060.0,4.0
2065.0,1.0
2080.0,1.0
2085.0,4.0
2090.0,4.0
2095.0,3.0
2100.0,3.0
2105.0,2.0
2110.0,2.0
2115.0,1.0
2120.0,1.0
2125.0,4.0
2130.0,4.0
2135.0,1.0
2140.0,1.0
2145.0,4.0
2180.0,4.0
2185.0,1.0
2190.0,1.0
2195.0,4.0
2200.0,4.0
2205.0,1.0
2210.0,1.0
2215.0,3.0
2230.0,3.0
2235.0,1.0
2240.0,1.0
2245.0,3.0
2250.0,3.0
2255.0,1.0
2260.0,1.0
2265.0,4.0
2270.0,4.0
2275.0,1.0
2280.0,1.0
2285.0,4.0
2370.0,4.0
2375.0,2.0
2380.0,2.0
2385.0,4.0
2520.0,4.0
2525.0,2.0
2530.0,2.0
2535.0,1.0
2540.0,1.0
2545.0,3.0
2550.0,3.0
2555.0,4.0
2590.0,4.0
2595.0,2.0
2600.0,2.0
2605.0,1.0
2620.0,1.0
2625.0,2.0
2640.0,2.0
2645.0,1.0
2650.0,1.0
2655.0,4.0
2690.0,4.0
2695.0,2.0
2700.0,2.0
2705.0,4.0
2720.0,4.0
2725.0,2.0
2730.0,2.0
2735.0,3.0
2740.0,3.0
2745.0,4.0
2800.0,4.0
2805.0,1.0
2810.0,1.0
2815.0,4.0
2880.0,4.0
2885.0,1.0
2890.0,1.0
2895.0,4.0
2900.0,4.0
2905.0,1.0
2910.0,1.0
2915.0,2.0
2920.0,2.0
2925.0,1.0
2930.0,1.0
2935.0,4.0
2940.0,4.0
2945.0,1.0
2950.0,1.0
2955.0,3.0
2960.0,3.0
2965.0,4.0
2970.0,4.0
2975.0,1.0
2990.0,1.0
2995.0,3.0
3010.0,3.0
3015.0,4.0
3040.0,4.0
3045.0,3.0
3050.0,3.0
3055.0,4.0
3080.0,4.0
3085.0,1.0
3090.0,1.0
3095.0,4.0
3150.0,4.0
3155.0,3.0
3160.0,3.0
3165.0,4.0
3180.0,4.0
3185.0,1.0
3190.0,1.0
3195.0,4.0
3220.0,4.0
3225.0,3.0
3230.0,3.0
3235.0,4.0
3270.0,4.0
3275.0,1.0
3280.0,1.0
3285.0,4.0
3300.0,4.0
3305.0,3.0
3310.0,3.0
3315.0,4.0
3370.0,4.0
3375.0,1.0
3380.0,1.0
3385.0,4.0
3390.0,4.0
3395.0,3.0
3400.0,3.0
3405.0,4.0
3410.0,4.0
3415.0,3.0
3420.0,3.0
3425.0,4.0
3480.0,4.0
3485.0,2.0
3490.0,2.0
3495.0,1.0
3500.0,1.0
3505.0,4.0
3510.0,4.0
3515.0,1.0
3520.0,1.0
3525.0,4.0
3530.0,4.0
3535.0,1.0
3540.0,1.0
3545.0,4.0
