0.0,1.0
0.0,1.0
20.0,1.0
25.0,2.0
30.0,2.0
35.0,4.0
40.0,4.0
45.0,3.0
50.0,3.0
55.0,1.0
80.0,1.0
85.0,2.0
90.0,2.0
95.0,1.0
150.0,1.0
155.0,4.0
160.0,4.0
165.0,1.0
210.0,1.0
215.0,4.0
220.0,4.0
225.0,1.0
230.0,1.0
235.0,2.0
240.0,2.0
245.0,1.0
250.0,1.0
255.0,4.0
260.0,4.0
265.0,1.0
280.0,1.0
285.0,3.0
290.0,3.0
295.0,1.0
320.0,1.0
325.0,4.0
340.0,4.0
345.0,2.0
350.0,2.0
355.0,1.0
390.0,1.0
395.0,4.0
400.0,4.0
405.0,1.0
410.0,1.0
415.0,3.0
420.0,3.0
425.0,4.0
450.0,4.0
455.0,1.0
460.0,1.0
465.0,2.0
470.0,2.0
475.0,1.0
530.0,1.0
535.0,2.0
540.0,2.0
545.0,1.0
550.0,1.0
555.0,3.0
560.0,3.0
565.0,1.0
650.0,1.0
655.0,4.0
670.0,4.0
675.0,1.0
690.0,1.0
695.0,3.0
700.0,3.0
705.0,1.0
710.0,1.0
715.0,2.0
720.0,2.0
725.0,1.0
730.0,1.0
735.0,3.0
740.0,3.0
745.0,2.0
750.0,2.0
755.0,1.0
760.0,1.0
765.0,4.0
780.0,4.0
785.0,2.0
790.0,2.0
795.0,1.0
800.0,1.0
805.0,4.0
810.0,4.0
815.0,1.0
830.0,1.0
835.0,4.0
880.0,4.0
885.0,1.0
890.0,1.0
895.0,4.0
900.0,4.0
905.0,1.0
910.0,1.0
915.0,4.0
930.0,4.0
935.0,1.0
940.0,1.0
945.0,4.0
950.0,4.0
955.0,3.0
960.0,3.0
965.0,2.0
970.0,2.0
975.0,1.0
980.0,1.0
985.0,4.0
990.0,4.0
995.0,1.0
1020.0,1.0
1025.0,4.0
1030.0,4.0
1035.0,2.0
1040.0,2.0
1045.0,1.0
1050.0,1.0
1055.0,4.0
1090.0,4.0
1095.0,2.0
1100.0,2.0
1105.0,4.0
1130.0,4.0
1135.0,2.0
1140.0,2.0
1145.0,4.0
1150.0,4.0
1155.0,3.0
1160.0,3.0
1165.0,4.0
1170.0,4.0
1175.0,2.0
1180.0,2.0
1185.0,4.0
1220.0,4.0
1225.0,2.0
1230.0,2.0
1235.0,4.0
1300.0,4.0
1305.0,3.0
1310.0,3.0
1315.0,4.0
1360.0,4.0
1365.0,2.0
1370.0,2.0
1375.0,4.0
1420.0,4.0
1425.0,1.0
1430.0,1.0
1435.0,4.0
1440.0,4.0
1445.0,2.0
1450.0,2.0
1455.0,4.0
1460.0,4.0
1465.0,3.0
1470.0,3.0
1475.0,4.0
1580.0,4.0
1585.0,1.0
1590.0,1.0
1595.0,2.0
1600.0,2.0
1605.0,4.0
1830.0,4.0
1835.0,2.0
1840.0,2.0
1845.0,4.0
1850.0,4.0
1855.0,2.0
1860.0,2.0
1865.0,4.0
1950.0,4.0
1955.0,1.0
1960.0,1.0
1965.0,4.0
1970.0,4.0
1975.0,2.0
1980.0,2.0
1985.0,4.0
2000.0,4.0
2005.0,2.0
2020.0,2.0
2025.0,4.0
2170.0,4.0
2175.0,1.0
2180.0,1.0
2185.0,4.0
2210.0,4.0
2215.0,3.0
2220.0,3.0
2225.0,4.0
2230.0,4.0
2235.0,2.0
2240.0,2.0
2245.0,1.0
2250.0,1.0
2255.0,4.0
2330.0,4.0
2335.0,3.0
2340.0,3.0
2345.0,4.0
2360.0,4.0
2365.0,2.0
2370.0,2.0
2375.0,1.0
2390.0,1.0
2395.0,4.0
2450.0,4.0
2455.0,1.0
2470.0,1.0
2475.0,4.0
2480.0,4.0
2485.0,2.0
2490.0,2.0
2495.0,3.0
2500.0,3.0
2505.0,4.0
2510.0,4.0
2515.0,3.0
2520.0,3.0
2525.0,4.0
2570.0,4.0
2575.0,1.0
2580.0,1.0
2585.0,4.0
2610.0,4.0
2615.0,3.0
2620.0,3.0
2625.0,4.0
2650.0,4.0
2655.0,2.0
2660.0,2.0
2665.0,4.0
2670.0,4.0
2675.0,2.0
2690.0,2.0
2695.0,3.0
2700.0,3.0
2705.0,4.0
2710.0,4.0
2715.0,1.0
2720.0,1.0
2725.0,3.0
2740.0,3.0
2745.0,4.0
2760.0,4.0
2765.0,2.0
2770.0,2.0
2775.0,4.0
2840.0,4.0
2845.0,3.0
2860.0,3.0
2865.0,4.0
2890.0,4.0
2895.0,1.0
2900.0,1.0
2905.0,4.0
2910.0,4.0
2915.0,3.0
2920.0,3.0
2925.0,4.0
2950.0,4.0
2955.0,3.0
2960.0,3.0
2965.0,4.0
2980.0,4.0
2985.0,3.0
2990.0,3.0
2995.0,1.0
3000.0,1.0
3005.0,4.0
3030.0,4.0
3035.0,2.0
3040.0,2.0
3045.0,4.0
3060.0,4.0
3065.0,1.0
3070.0,1.0
3075.0,4.0
3170.0,4.0
3175.0,1.0
3180.0,1.0
3185.0,4.0
3230.0,4.0
3235.0,2.0
3240.0,2.0
3245.0,1.0
3250.0,1.0
3255.0,4.0
3260.0,4.0
3265.0,3.0
3270.0,3.0
3275.0,4.0
3280.0,4.0
3285.0,2.0
3290.0,2.0
3295.0,4.0
3380.0,4.0
3385.0,1.0
3410.0,1.0
3415.0,3.0
3420.0,3.0
3425.0,1.0
3430.0,1.0
3435.0,2.0
3440.0,2.0
3445.0,1.0
3450.0,1.0
3455.0,2.0
3460.0,2.0
3465.0,1.0
3490.0,1.0
3495.0,4.0
3500.0,4.0
3505.0,1.0
3510.0,1.0
3515.0,4.0
3520.0,4.0
3525.0,1.0
3540.0,1.0
3545.0,4.0
3570.0,4.0
3575.0,1.0
3580.0,1.0
3585.0,4.0
3590.0,4.0
3595.0,1.0
