0.0,1.0
0.0,1.0
30.0,1.0
35.0,4.0
40.0,4.0
45.0,1.0
60.0,1.0
65.0,2.0
70.0,2.0
75.0,1.0
100.0,1.0
105.0,3.0
110.0,3.0
115.0,1.0
130.0,1.0
135.0,4.0
140.0,4.0
145.0,2.0
170.0,2.0
175.0,1.0
220.0,1.0
225.0,3.0
230.0,3.0
235.0,1.0
290.0,1.0
295.0,4.0
300.0,4.0
305.0,1.0
330.0,1.0
335.0,3.0
340.0,3.0
345.0,1.0
430.0,1.0
435.0,4.0
450.0,4.0
455.0,3.0
460.0,3.0
465.0,4.0
480.0,4.0
485.0,3.0
490.0,3.0
495.0,4.0
500.0,4.0
505.0,1.0
510.0,1.0
515.0,4.0
520.0,4.0
525.0,3.0
530.0,3.0
535.0,1.0
540.0,1.0
545.0,4.0
580.0,4.0
585.0,3.0
590.0,3.0
595.0,4.0
620.0,4.0
625.0,2.0
630.0,2.0
635.0,3.0
640.0,3.0
645.0,4.0
650.0,4.0
655.0,1.0
660.0,1.0
665.0,4.0
730.0,4.0
735.0,1.0
740.0,1.0
745.0,4.0
750.0,4.0
755.0,3.0
760.0,3.0
765.0,1.0
770.0,1.0
775.0,3.0
780.0,3.0
785.0,4.0
790.0,4.0
795.0,2.0
800.0,2.0
805.0,4.0
810.0,4.0
815.0,2.0
820.0,2.0
825.0,4.0
950.0,4.0
955.0,3.0
960.0,3.0
965.0,2.0
970.0,2.0
975.0,4.0
1000.0,4.0
1005.0,2.0
1020.0,2.0
1025.0,4.0
1060.0,4.0
1065.0,3.0
1070.0,3.0
1075.0,4.0
1090.0,4.0
1095.0,1.0
1100.0,1.0
1105.0,4.0
1130.0,4.0
1135.0,2.0
1140.0,2.0
1145.0,4.0
1250.0,4.0
1255.0,2.0
1260.0,2.0
1265.0,4.0
1280.0,4.0
1285.0,2.0
1290.0,2.0
1295.0,4.0
1300.0,4.0
1305.0,3.0
1310.0,3.0
1315.0,4.0
1360.0,4.0
1365.0,1.0
1380.0,1.0
1385.0,4.0
1460.0,4.0
1465.0,3.0
1470.0,3.0
1475.0,4.0
1490.0,4.0
1495.0,2.0
1500.0,2.0
1505.0,3.0
1510.0,3.0
1515.0,4.0
1540.0,4.0
1545.0,2.0
1550.0,2.0
1555.0,1.0
1560.0,1.0
1565.0,3.0
1570.0,3.0
1575.0,4.0
1620.0,4.0
1625.0,3.0
1630.0,3.0
1635.0,4.0
1640.0,4.0
1645.0,1.0
1650.0,1.0
1655.0,4.0
1680.0,4.0
1685.0,1.0
1690.0,1.0
1695.0,4.0
1720.0,4.0
1725.0,1.0
1730.0,1.0
1735.0,3.0
1740.0,3.0
1745.0,2.0
1750.0,2.0
1755.0,3.0
1760.0,3.0
1765.0,4.0
1780.0,4.0
1785.0,3.0
1790.0,3.0
1795.0,4.0
1800.0,4.0
1805.0,3.0
1810.0,3.0
1815.0,4.0
1890.0,4.0
1895.0,2.0
1900.0,2.0
1905.0,4.0
1910.0,4.0
1915.0,3.0
1920.0,3.0
1925.0,4.0
1930.0,4.0
1935.0,3.0
1950.0,3.0
1955.0,1.0
1960.0,1.0
1965.0,4.0
1990.0,4.0
1995.0,3.0
2000.0,3.0
2005.0,4.0
2050.0,4.0
2055.0,2.0
2060.0,2.0
2065.0,4.0
2080.0,4.0
2085.0,3.0
2090.0,3.0
2095.0,4.0
2110.0,4.0
2115.0,2.0
2120.0,2.0
2125.0,1.0
2130.0,1.0
2135.0,4.0
2140.0,4.0
2145.0,2.0
2150.0,2.0
2155.0,4.0
2170.0,4.0
2175.0,2.0
2180.0,2.0
2185.0,4.0
2190.0,4.0
2195.0,3.0
2200.0,3.0
2205.0,4.0
2220.0,4.0
2225.0,2.0
2230.0,2.0
2235.0,4.0
2250.0,4.0
2255.0,2.0
2260.0,2.0
2265.0,4.0
2300.0,4.0
2305.0,1.0
2310.0,1.0
2315.0,3.0
2330.0,3.0
2335.0,4.0
2430.0,4.0
2435.0,3.0
2440.0,3.0
2445.0,4.0
2450.0,4.0
2455.0,1.0
2460.0,1.0
2465.0,2.0
2470.0,2.0
2475.0,4.0
2510.0,4.0
2515.0,1.0
2520.0,1.0
2525.0,4.0
2530.0,4.0
2535.0,3.0
2540.0,3.0
2545.0,4.0
2550.0,4.0
2555.0,3.0
2560.0,3.0
2565.0,4.0
2570.0,4.0
2575.0,3.0
2590.0,3.0
2595.0,4.0
2610.0,4.0
2615.0,3.0
2620.0,3.0
2625.0,1.0
2640.0,1.0
2645.0,4.0
2650.0,4.0
2655.0,2.0
2660.0,2.0
2665.0,4.0
2690.0,4.0
2695.0,2.0
2700.0,2.0
2705.0,4.0
2730.0,4.0
2735.0,2.0
2740.0,2.0
2745.0,4.0
2770.0,4.0
2775.0,2.0
2780.0,2.0
2785.0,4.0
2820.0,4.0
2825.0,1.0
2830.0,1.0
2835.0,2.0
2840.0,2.0
2845.0,4.0
2850.0,4.0
2855.0,1.0
2860.0,1.0
2865.0,4.0
2870.0,4.0
2875.0,3.0
2880.0,3.0
2885.0,4.0
2900.0,4.0
2905.0,1.0
2910.0,1.0
2915.0,4.0
2950.0,4.0
2955.0,2.0
2960.0,2.0
2965.0,4.0
3030.0,4.0
3035.0,3.0
3040.0,3.0
3045.0,4.0
3150.0,4.0
3155.0,2.0
3160.0,2.0
3165.0,1.0
3170.0,1.0
3175.0,4.0
3190.0,4.0
3195.0,2.0
3200.0,2.0
3205.0,4.0
3210.0,4.0
3215.0,2.0
3220.0,2.0
3225.0,4.0
3310.0,4.0
3315.0,2.0
3320.0,2.0
3325.0,4.0
3480.0,4.0
3485.0,2.0
3490.0,2.0
3495.0,4.0
3560.0,4.0
3565.0,2.0
3580.0,2.0
3585.0,4.0
