0.0,1.0
0.0,1.0
0.0,1.0
5.0,4.0
20.0,4.0
25.0,1.0
30.0,1.0
35.0,3.0
40.0,3.0
45.0,4.0
60.0,4.0
65.0,1.0
70.0,1.0
75.0,4.0
80.0,4.0
85.0,1.0
120.0,1.0
125.0,4.0
130.0,4.0
135.0,1.0
160.0,1.0
165.0,4.0
170.0,4.0
175.0,1.0
180.0,1.0
185.0,2.0
190.0,2.0
195.0,1.0
200.0,1.0
205.0,2.0
210.0,2.0
215.0,1.0
220.0,1.0
225.0,4.0
230.0,4.0
235.0,1.0
240.0,1.0
245.0,3.0
250.0,3.0
255.0,1.0
320.0,1.0
325.0,3.0
330.0,3.0
335.0,2.0
340.0,2.0
345.0,1.0
350.0,1.0
355.0,3.0
360.0,3.0
365.0,1.0
380.0,1.0
385.0,4.0
390.0,4.0
395.0,1.0
460.0,1.0
465.0,3.0
470.0,3.0
475.0,2.0
480.0,2.0
485.0,1.0
490.0,1.0
495.0,4.0
510.0,4.0
515.0,2.0
520.0,2.0
525.0,3.0
530.0,3.0
535.0,4.0
610.0,4.0
615.0,3.0
620.0,3.0
625.0,4.0
640.0,4.0
645.0,3.0
650.0,3.0
655.0,4.0
660.0,4.0
665.0,1.0
670.0,1.0
675.0,2.0
680.0,2.0
685.0,4.0
990.0,4.0
995.0,1.0
1000.0,1.0
1005.0,4.0
1100.0,4.0
1105.0,1.0
1110.0,1.0
1115.0,4.0
1130.0,4.0
1135.0,3.0
1140.0,3.0
1145.0,4.0
1160.0,4.0
1165.0,2.0
1180.0,2.0
1185.0,4.0
1190.0,4.0
1195.0,2.0
1200.0,2.0
1205.0,4.0
1210.0,4.0
1215.0,3.0
1220.0,3.0
1225.0,2.0
1230.0,2.0
1235.0,4.0
1240.0,4.0
1245.0,2.0
1250.0,2.0
1255.0,4.0
1260.0,4.0
1265.0,2.0
1270.0,2.0
1275.0,4.0
1310.0,4.0
1315.0,1.0
1320.0,1.0
1325.0,4.0
1350.0,4.0
1355.0,3.0
1360.0,3.0
1365.0,2.0
1370.0,2.0
1375.0,1.0
1380.0,1.0
1385.0,3.0
1400.0,3.0
1405.0,2.0
1420.0,2.0
1425.0,4.0
1430.0,4.0
1435.0,2.0
1440.0,2.0
1445.0,4.0
1480.0,4.0
1485.0,1.0
1490.0,1.0
1495.0,4.0
1510.0,4.0
1515.0,1.0
1520.0,1.0
1525.0,4.0
1560.0,4.0
1565.0,1.0
1570.0,1.0
1575.0,4.0
1660.0,4.0
1665.0,1.0
1670.0,1.0
1675.0,4.0
1720.0,4.0
1725.0,1.0
1730.0,1.0
1735.0,2.0
1740.0,2.0
1745.0,4.0
1790.0,4.0
1795.0,3.0
1800.0,3.0
1805.0,1.0
1810.0,1.0
1815.0,2.0
1820.0,2.0
1825.0,4.0
1850.0,4.0
1855.0,1.0
1860.0,1.0
1865.0,4.0
1890.0,4.0
1895.0,2.0
1900.0,2.0
1905.0,1.0
1910.0,1.0
1915.0,4.0
1920.0,4.0
1925.0,2.0
1930.0,2.0
1935.0,4.0
1970.0,4.0
1975.0,2.0
1980.0,2.0
1985.0,4.0
1990.0,4.0
1995.0,1.0
2000.0,1.0
2005.0,4.0
2020.0,4.0
2025.0,2.0
2030.0,2.0
2035.0,1.0
2040.0,1.0
2045.0,2.0
2060.0,2.0
2065.0,4.0
2070.0,4.0
2075.0,1.0
2090.0,1.0
2095.0,4.0
2120.0,4.0
2125.0,2.0
2130.0,2.0
2135.0,1.0
2140.0,1.0
2145.0,4.0
2170.0,4.0
2175.0,2.0
2180.0,2.0
2185.0,4.0
2190.0,4.0
2195.0,3.0
2200.0,3.0
2205.0,4.0
2230.0,4.0
2235.0,1.0
2240.0,1.0
2245.0,4.0
2250.0,4.0
2255.0,1.0
2260.0,1.0
2265.0,4.0
2280.0,4.0
2285.0,2.0
2290.0,2.0
2295.0,4.0
2400.0,4.0
2405.0,3.0
2410.0,3.0
2415.0,1.0
2420.0,1.0
2425.0,4.0
2480.0,4.0
2485.0,2.0
2490.0,2.0
2495.0,4.0
2500.0,4.0
2505.0,1.0
2520.0,1.0
2525.0,4.0
2540.0,4.0
2545.0,3.0
2550.0,3.0
2555.0,4.0
2650.0,4.0
2655.0,3.0
2660.0,3.0
2665.0,4.0
2680.0,4.0
2685.0,3.0
2690.0,3.0
2695.0,4.0
2700.0,4.0
2705.0,3.0
2710.0,3.0
2715.0,1.0
2720.0,1.0
2725.0,4.0
2760.0,4.0
2765.0,2.0
2770.0,2.0
2775.0,1.0
2780.0,1.0
2785.0,4.0
2920.0,4.0
2925.0,2.0
2930.0,2.0
2935.0,4.0
2950.0,4.0
2955.0,1.0
2960.0,1.0
2965.0,4.0
2980.0,4.0
2985.0,1.0
2990.0,1.0
2995.0,4.0
3030.0,4.0
3035.0,3.0
3040.0,3.0
3045.0,4.0
3050.0,4.0
3055.0,3.0
3070.0,3.0
3075.0,4.0
3080.0,4.0
3085.0,1.0
3090.0,1.0
3095.0,4.0
3130.0,4.0
3135.0,3.0
3140.0,3.0
3145.0,4.0
3160.0,4.0
3165.0,2.0
3180.0,2.0
3185.0,4.0
3210.0,4.0
3215.0,1.0
3230.0,1.0
3235.0,4.0
3260.0,4.0
3265.0,2.0
3270.0,2.0
3275.0,1.0
3280.0,1.0
3285.0,4.0
3310.0,4.0
3315.0,3.0
3320.0,3.0
3325.0,2.0
3330.0,2.0
3335.0,4.0
3350.0,4.0
3355.0,1.0
3360.0,1.0
3365.0,4.0
3370.0,4.0
3375.0,2.0
3380.0,2.0
3385.0,4.0
3420.0,4.0
3425.0,3.0
3430.0,3.0
3435.0,4.0
3460.0,4.0
3465.0,1.0
3470.0,1.0
3475.0,3.0
3480.0,3.0
3485.0,4.0
3500.0,4.0
3505.0,3.0
3510.0,3.0
3515.0,4.0
3540.0,4.0
3545.0,1.0
3550.0,1.0
3555.0,4.0
