0.0,1.0
0.0,1.0
0.0,1.0
5.0,3.0
10.0,3.0
15.0,2.0
20.0,2.0
25.0,3.0
30.0,3.0
35.0,2.0
40.0,2.0
45.0,3.0
50.0,3.0
55.0,1.0
70.0,1.0
75.0,2.0
80.0,2.0
85.0,3.0
90.0,3.0
95.0,2.0
120.0,2.0
125.0,3.0
130.0,3.0
135.0,2.0
140.0,2.0
145.0,3.0
150.0,3.0
155.0,4.0
160.0,4.0
165.0,1.0
170.0,1.0
175.0,3.0
180.0,3.0
185.0,2.0
190.0,2.0
195.0,4.0
200.0,4.0
205.0,2.0
210.0,2.0
215.0,3.0
220.0,3.0
225.0,2.0
230.0,2.0
235.0,3.0
240.0,3.0
245.0,2.0
300.0,2.0
305.0,4.0
310.0,4.0
315.0,2.0
380.0,2.0
385.0,1.0
390.0,1.0
395.0,2.0
430.0,2.0
435.0,1.0
460.0,1.0
465.0,2.0
520.0,2.0
525.0,1.0
530.0,1.0
535.0,2.0
540.0,2.0
545.0,1.0
550.0,1.0
555.0,2.0
560.0,2.0
565.0,1.0
580.0,1.0
585.0,2.0
590.0,2.0
595.0,1.0
600.0,1.0
605.0,2.0
610.0,2.0
615.0,3.0
620.0,3.0
625.0,1.0
630.0,1.0
635.0,2.0
640.0,2.0
645.0,1.0
650.0,1.0
655.0,3.0
670.0,3.0
675.0,1.0
680.0,1.0
685.0,2.0
700.0,2.0
705.0,1.0
730.0,1.0
735.0,4.0
740.0,4.0
745.0,1.0
760.0,1.0
765.0,3.0
770.0,3.0
775.0,1.0
790.0,1.0
795.0,2.0
810.0,2.0
815.0,4.0
820.0,4.0
825.0,3.0
830.0,3.0
835.0,2.0
840.0,2.0
845.0,3.0
870.0,3.0
875.0,1.0
880.0,1.0
885.0,3.0
900.0,3.0
905.0,1.0
910.0,1.0
915.0,2.0
960.0,2.0
965.0,3.0
980.0,3.0
985.0,2.0
990.0,2.0
995.0,3.0
1000.0,3.0
1005.0,2.0
1010.0,2.0
1015.0,3.0
1040.0,3.0
1045.0,2.0
1050.0,2.0
1055.0,3.0
1060.0,3.0
1065.0,2.0
1070.0,2.0
1075.0,3.0
1080.0,3.0
1085.0,4.0
1090.0,4.0
1095.0,2.0
1100.0,2.0
1105.0,1.0
1110.0,1.0
1115.0,2.0
1120.0,2.0
1125.0,3.0
1130.0,3.0
1135.0,1.0
1140.0,1.0
1145.0,2.0
1160.0,2.0
1165.0,3.0
1170.0,3.0
1175.0,2.0
1180.0,2.0
1185.0,1.0
1210.0,1.0
1215.0,3.0
1220.0,3.0
1225.0,2.0
1260.0,2.0
1265.0,3.0
1270.0,3.0
1275.0,4.0
1290.0,4.0
1295.0,2.0
1300.0,2.0
1305.0,4.0
1310.0,4.0
1315.0,3.0
1320.0,3.0
1325.0,1.0
1330.0,1.0
1335.0,3.0
1350.0,3.0
1355.0,1.0
1360.0,1.0
1365.0,2.0
1370.0,2.0
1375.0,1.0
1380.0,1.0
1385.0,4.0
1390.0,4.0
1395.0,2.0
1400.0,2.0
1405.0,1.0
1420.0,1.0
1425.0,4.0
1430.0,4.0
1435.0,1.0
1450.0,1.0
1455.0,2.0
1470.0,2.0
1475.0,3.0
1480.0,3.0
1485.0,1.0
1510.0,1.0
1515.0,2.0
1520.0,2.0
1525.0,3.0
1530.0,3.0
1535.0,1.0
1540.0,1.0
1545.0,2.0
1560.0,2.0
1565.0,3.0
1570.0,3.0
1575.0,2.0
1580.0,2.0
1585.0,1.0
1600.0,1.0
1605.0,2.0
1620.0,2.0
1625.0,3.0
1640.0,3.0
1645.0,2.0
1650.0,2.0
1655.0,4.0
1660.0,4.0
1665.0,2.0
1700.0,2.0
1705.0,4.0
1720.0,4.0
1725.0,1.0
1740.0,1.0
1745.0,4.0
1750.0,4.0
1755.0,2.0
1810.0,2.0
1815.0,1.0
1820.0,1.0
1825.0,2.0
1900.0,2.0
1905.0,1.0
1910.0,1.0
1915.0,4.0
1920.0,4.0
1925.0,2.0
1930.0,2.0
1935.0,3.0
1940.0,3.0
1945.0,2.0
1960.0,2.0
1965.0,1.0
1980.0,1.0
1985.0,2.0
1990.0,2.0
1995.0,3.0
2000.0,3.0
2005.0,2.0
2010.0,2.0
2015.0,3.0
2020.0,3.0
2025.0,2.0
2030.0,2.0
2035.0,3.0
2040.0,3.0
2045.0,2.0
2090.0,2.0
2095.0,1.0
2100.0,1.0
2105.0,2.0
2110.0,2.0
2115.0,1.0
2120.0,1.0
2125.0,2.0
2200.0,2.0
2205.0,4.0
2210.0,4.0
2215.0,2.0
2250.0,2.0
2255.0,1.0
2270.0,1.0
2275.0,2.0
2470.0,2.0
2475.0,4.0
2480.0,4.0
2485.0,2.0
2500.0,2.0
2505.0,1.0
2510.0,1.0
2515.0,2.0
2540.0,2.0
2545.0,3.0
2550.0,3.0
2555.0,2.0
2580.0,2.0
2585.0,1.0
2590.0,1.0
2595.0,2.0
2600.0,2.0
2605.0,3.0
2610.0,3.0
2615.0,2.0
2620.0,2.0
2625.0,1.0
2630.0,1.0
2635.0,2.0
2700.0,2.0
2705.0,1.0
2710.0,1.0
2715.0,4.0
2720.0,4.0
2725.0,2.0
2730.0,2.0
2735.0,1.0
2740.0,1.0
2745.0,2.0
2800.0,2.0
2805.0,3.0
2820.0,3.0
2825.0,1.0
2830.0,1.0
2835.0,2.0
2930.0,2.0
2935.0,1.0
2940.0,1.0
2945.0,4.0
2950.0,4.0
2955.0,1.0
2960.0,1.0
2965.0,2.0
2970.0,2.0
2975.0,1.0
2980.0,1.0
2985.0,2.0
2990.0,2.0
2995.0,3.0
3000.0,3.0
3005.0,2.0
3080.0,2.0
3085.0,1.0
3090.0,1.0
3095.0,2.0
3150.0,2.0
3155.0,1.0
3160.0,1.0
3165.0,2.0
3230.0,2.0
3235.0,1.0
3240.0,1.0
3245.0,3.0
3250.0,3.0
3255.0,2.0
3260.0,2.0
3265.0,3.0
3270.0,3.0
3275.0,2.0
3280.0,2.0
3285.0,4.0
3290.0,4.0
3295.0,2.0
3330.0,2.0
3335.0,3.0
3340.0,3.0
3345.0,2.0
3350.0,2.0
3355.0,1.0
3360.0,1.0
3365.0,2.0
3460.0,2.0
3465.0,3.0
3470.0,3.0
3475.0,1.0
3490.0,1.0
3495.0,3.0
3500.0,3.0
3505.0,2.0
3590.0,2.0
3595.0,4.0
