0.0,1.0
0.0,1.0
10.0,1.0
15.0,4.0
20.0,4.0
25.0,1.0
30.0,1.0
35.0,3.0
40.0,3.0
45.0,1.0
120.0,1.0
125.0,4.0
130.0,4.0
135.0,1.0
180.0,1.0
185.0,3.0
190.0,3.0
195.0,1.0
290.0,1.0
295.0,2.0
310.0,2.0
315.0,4.0
320.0,4.0
325.0,1.0
340.0,1.0
345.0,4.0
350.0,4.0
355.0,1.0
370.0,1.0
375.0,3.0
380.0,3.0
385.0,2.0
390.0,2.0
395.0,1.0
480.0,1.0
485.0,4.0
490.0,4.0
495.0,1.0
500.0,1.0
505.0,2.0
510.0,2.0
515.0,1.0
570.0,1.0
575.0,2.0
580.0,2.0
585.0,4.0
590.0,4.0
595.0,3.0
600.0,3.0
605.0,1.0
620.0,1.0
625.0,3.0
630.0,3.0
635.0,1.0
680.0,1.0
685.0,2.0
690.0,2.0
695.0,4.0
700.0,4.0
705.0,1.0
770.0,1.0
775.0,2.0
780.0,2.0
785.0,3.0
800.0,3.0
805.0,2.0
810.0,2.0
815.0,3.0
820.0,3.0
825.0,2.0
830.0,2.0
835.0,4.0
840.0,4.0
845.0,2.0
860.0,2.0
865.0,1.0
900.0,1.0
905.0,2.0
930.0,2.0
935.0,4.0
940.0,4.0
945.0,2.0
970.0,2.0
975.0,1.0
980.0,1.0
985.0,2.0
1000.0,2.0
1005.0,1.0
1010.0,1.0
1015.0,4.0
1020.0,4.0
1025.0,1.0
1050.0,1.0
1055.0,2.0
1060.0,2.0
1065.0,3.0
1070.0,3.0
1075.0,4.0
1080.0,4.0
1085.0,3.0
1100.0,3.0
1105.0,2.0
1110.0,2.0
1115.0,1.0
1150.0,1.0
1155.0,2.0
1160.0,2.0
1165.0,1.0
1190.0,1.0
1195.0,2.0
1200.0,2.0
1205.0,1.0
1210.0,1.0
1215.0,4.0
1220.0,4.0
1225.0,2.0
1240.0,2.0
1245.0,3.0
1250.0,3.0
1255.0,1.0
1260.0,1.0
1265.0,2.0
1280.0,2.0
1285.0,3.0
1290.0,3.0
1295.0,2.0
1300.0,2.0
1305.0,1.0
1310.0,1.0
1315.0,2.0
1320.0,2.0
1325.0,3.0
1330.0,3.0
1335.0,4.0
1370.0,4.0
1375.0,2.0
1380.0,2.0
1385.0,1.0
1400.0,1.0
1405.0,2.0
1410.0,2.0
1415.0,1.0
1440.0,1.0
1445.0,3.0
1450.0,3.0
1455.0,1.0
1460.0,1.0
1465.0,2.0
1470.0,2.0
1475.0,1.0
1490.0,1.0
1495.0,3.0
1500.0,3.0
1505.0,2.0
1510.0,2.0
1515.0,4.0
1520.0,4.0
1525.0,1.0
1550.0,1.0
1555.0,2.0
1560.0,2.0
1565.0,4.0
1570.0,4.0
1575.0,2.0
1580.0,2.0
1585.0,1.0
1600.0,1.0
1605.0,4.0
1610.0,4.0
1615.0,1.0
1640.0,1.0
1645.0,2.0
1650.0,2.0
1655.0,1.0
1740.0,1.0
1745.0,3.0
1750.0,3.0
1755.0,2.0
1760.0,2.0
1765.0,1.0
1820.0,1.0
1825.0,2.0
1830.0,2.0
1835.0,1.0
1850.0,1.0
1855.0,4.0
1860.0,4.0
1865.0,2.0
1870.0,2.0
1875.0,1.0
1880.0,1.0
1885.0,2.0
1890.0,2.0
1895.0,1.0
1910.0,1.0
1915.0,4.0
1930.0,4.0
1935.0,1.0
1940.0,1.0
1945.0,4.0
1950.0,4.0
1955.0,2.0
1970.0,2.0
1975.0,4.0
1980.0,4.0
1985.0,2.0
2000.0,2.0
2005.0,4.0
2010.0,4.0
2015.0,2.0
2020.0,2.0
2025.0,4.0
2030.0,4.0
2035.0,1.0
2050.0,1.0
2055.0,2.0
2060.0,2.0
2065.0,1.0
2070.0,1.0
2075.0,2.0
2080.0,2.0
2085.0,1.0
2090.0,1.0
2095.0,4.0
2100.0,4.0
2105.0,2.0
2120.0,2.0
2125.0,4.0
2130.0,4.0
2135.0,1.0
2140.0,1.0
2145.0,2.0
2150.0,2.0
2155.0,1.0
2160.0,1.0
2165.0,2.0
2170.0,2.0
2175.0,3.0
2180.0,3.0
2185.0,1.0
2190.0,1.0
2195.0,3.0
2200.0,3.0
2205.0,2.0
2240.0,2.0
2245.0,1.0
2250.0,1.0
2255.0,3.0
2280.0,3.0
2285.0,2.0
2290.0,2.0
2295.0,1.0
2300.0,1.0
2305.0,2.0
2320.0,2.0
2325.0,3.0
2340.0,3.0
2345.0,2.0
2370.0,2.0
2375.0,1.0
2380.0,1.0
2385.0,2.0
2410.0,2.0
2415.0,4.0
2420.0,4.0
2425.0,3.0
2430.0,3.0
2435.0,1.0
2440.0,1.0
2445.0,3.0
2450.0,3.0
2455.0,1.0
2460.0,1.0
2465.0,2.0
2470.0,2.0
2475.0,4.0
2480.0,4.0
2485.0,1.0
2510.0,1.0
2515.0,2.0
2520.0,2.0
2525.0,1.0
2550.0,1.0
2555.0,3.0
2560.0,3.0
2565.0,1.0
2570.0,1.0
2575.0,4.0
2580.0,4.0
2585.0,1.0
2660.0,1.0
2665.0,3.0
2670.0,3.0
2675.0,2.0
2680.0,2.0
2685.0,1.0
2700.0,1.0
2705.0,2.0
2710.0,2.0
2715.0,1.0
2720.0,1.0
2725.0,2.0
2730.0,2.0
2735.0,3.0
2740.0,3.0
2745.0,2.0
2760.0,2.0
2765.0,3.0
2770.0,3.0
2775.0,2.0
2790.0,2.0
2795.0,3.0
2800.0,3.0
2805.0,4.0
2810.0,4.0
2815.0,2.0
2820.0,2.0
2825.0,4.0
2830.0,4.0
2835.0,2.0
2840.0,2.0
2845.0,4.0
2850.0,4.0
2855.0,2.0
2890.0,2.0
2895.0,1.0
2900.0,1.0
2905.0,2.0
2920.0,2.0
2925.0,1.0
2930.0,1.0
2935.0,3.0
2940.0,3.0
2945.0,1.0
2970.0,1.0
2975.0,3.0
2980.0,3.0
2985.0,2.0
2990.0,2.0
2995.0,3.0
3000.0,3.0
3005.0,1.0
3050.0,1.0
3055.0,3.0
3060.0,3.0
3065.0,1.0
3090.0,1.0
3095.0,3.0
3100.0,3.0
3105.0,2.0
3110.0,2.0
3115.0,4.0
3120.0,4.0
3125.0,2.0
3140.0,2.0
3145.0,4.0
3150.0,4.0
3155.0,2.0
3160.0,2.0
3165.0,4.0
3170.0,4.0
3175.0,2.0
3180.0,2.0
3185.0,4.0
3190.0,4.0
3195.0,2.0
3250.0,2.0
3255.0,1.0
3260.0,1.0
3265.0,2.0
3280.0,2.0
3285.0,1.0
3290.0,1.0
3295.0,2.0
3300.0,2.0
3305.0,1.0
3310.0,1.0
3315.0,2.0
3350.0,2.0
3355.0,1.0
3380.0,1.0
3385.0,2.0
3390.0,2.0
3395.0,1.0
3410.0,1.0
3415.0,2.0
3420.0,2.0
3425.0,3.0
3430.0,3.0
3435.0,2.0
3450.0,2.0
3455.0,3.0
3460.0,3.0
3465.0,1.0
3470.0,1.0
3475.0,4.0
3480.0,4.0
3485.0,1.0
3500.0,1.0
3505.0,2.0
3510.0,2.0
3515.0,1.0
3520.0,1.0
3525.0,2.0
3530.0,2.0
3535.0,3.0
3540.0,3.0
3545.0,2.0
3550.0,2.0
3555.0,1.0
3590.0,1.0
3595.0,2.0
